NACA 0012                                       
 Alfa =   2.00000 Re =  9310000.000 Xflap,Yflap =     0.000000    0.000000
#    x        y        Cp  
   1.00000  0.00126  0.21881
   0.99372  0.00214  0.20085
   0.98277  0.00365  0.16575
   0.96999  0.00539  0.13267
   0.95567  0.00731  0.10203
   0.94026  0.00934  0.07467
   0.92422  0.01142  0.05007
   0.90784  0.01350  0.02821
   0.89128  0.01556  0.00845
   0.87462  0.01759 -0.00961
   0.85793  0.01959 -0.02645
   0.84120  0.02155 -0.04202
   0.82446  0.02348 -0.05685
   0.80771  0.02537 -0.07095
   0.79095  0.02723 -0.08440
   0.77419  0.02905 -0.09764
   0.75742  0.03083 -0.11023
   0.74066  0.03257 -0.12271
   0.72389  0.03428 -0.13495
   0.70712  0.03594 -0.14684
   0.69035  0.03757 -0.15887
   0.67359  0.03916 -0.17071
   0.65683  0.04071 -0.18243
   0.64008  0.04221 -0.19431
   0.62333  0.04367 -0.20621
   0.60659  0.04509 -0.21795
   0.58987  0.04646 -0.22985
   0.57315  0.04778 -0.24193
   0.55645  0.04905 -0.25400
   0.53976  0.05026 -0.26628
   0.52309  0.05143 -0.27862
   0.50644  0.05253 -0.29128
   0.48980  0.05357 -0.30390
   0.47319  0.05455 -0.31669
   0.45660  0.05546 -0.32991
   0.44004  0.05630 -0.34310
   0.42351  0.05707 -0.35644
   0.40701  0.05776 -0.37000
   0.39055  0.05837 -0.38411
   0.37412  0.05889 -0.39790
   0.35774  0.05932 -0.41215
   0.34140  0.05965 -0.42657
   0.32511  0.05988 -0.44111
   0.30888  0.06000 -0.45616
   0.29272  0.06001 -0.47064
   0.27662  0.05989 -0.48563
   0.26060  0.05965 -0.49996
   0.24467  0.05927 -0.51344
   0.22884  0.05875 -0.52600
   0.21313  0.05807 -0.53916
   0.19755  0.05723 -0.57809
   0.18214  0.05622 -0.59063
   0.16693  0.05503 -0.60596
   0.15196  0.05365 -0.62343
   0.13730  0.05207 -0.64105
   0.12303  0.05029 -0.65910
   0.10929  0.04832 -0.67694
   0.09622  0.04618 -0.69510
   0.08399  0.04389 -0.71249
   0.07278  0.04150 -0.72836
   0.06271  0.03908 -0.74384
   0.05380  0.03667 -0.75520
   0.04603  0.03431 -0.76520
   0.03929  0.03203 -0.77140
   0.03346  0.02983 -0.77491
   0.02840  0.02771 -0.77014
   0.02399  0.02566 -0.76421
   0.02013  0.02367 -0.74690
   0.01674  0.02173 -0.72385
   0.01376  0.01982 -0.68892
   0.01114  0.01793 -0.63927
   0.00883  0.01606 -0.57649
   0.00682  0.01419 -0.48636
   0.00508  0.01231 -0.37622
   0.00360  0.01041 -0.23403
   0.00238  0.00851 -0.06401
   0.00141  0.00659  0.13091
   0.00070  0.00467  0.34189
   0.00025  0.00277  0.54296
   0.00003  0.00091  0.71883
   0.00003 -0.00091  0.85574
   0.00025 -0.00277  0.95214
   0.00070 -0.00467  0.99561
   0.00141 -0.00659  0.99221
   0.00238 -0.00851  0.94904
   0.00360 -0.01041  0.87737
   0.00508 -0.01231  0.79076
   0.00682 -0.01419  0.69868
   0.00883 -0.01606  0.60624
   0.01114 -0.01793  0.51773
   0.01376 -0.01982  0.43357
   0.01674 -0.02173  0.35843
   0.02013 -0.02367  0.28641
   0.02399 -0.02566  0.22131
   0.02840 -0.02771  0.16195
   0.03346 -0.02983  0.10765
   0.03929 -0.03203  0.05777
   0.04603 -0.03431  0.01200
   0.05380 -0.03667 -0.02886
   0.06271 -0.03908 -0.06547
   0.07278 -0.04150 -0.09801
   0.08399 -0.04389 -0.12534
   0.09622 -0.04618 -0.14826
   0.10929 -0.04832 -0.16759
   0.12303 -0.05029 -0.18226
   0.13730 -0.05207 -0.19442
   0.15196 -0.05365 -0.20364
   0.16693 -0.05503 -0.21025
   0.18214 -0.05622 -0.21509
   0.19755 -0.05723 -0.21764
   0.21313 -0.05807 -0.21978
   0.22884 -0.05875 -0.21977
   0.24467 -0.05927 -0.21933
   0.26060 -0.05965 -0.21755
   0.27662 -0.05989 -0.21540
   0.29272 -0.06001 -0.21265
   0.30888 -0.06000 -0.20881
   0.32511 -0.05988 -0.20516
   0.34140 -0.05965 -0.20054
   0.35774 -0.05932 -0.19591
   0.37412 -0.05889 -0.19108
   0.39055 -0.05837 -0.18573
   0.40701 -0.05776 -0.18028
   0.42351 -0.05707 -0.17476
   0.44004 -0.05630 -0.16916
   0.45660 -0.05546 -0.16330
   0.47319 -0.05455 -0.15796
   0.48980 -0.05357 -0.15319
   0.50644 -0.05253 -0.15060
   0.52309 -0.05143 -0.13478
   0.53976 -0.05026 -0.12015
   0.55645 -0.04905 -0.11617
   0.57315 -0.04778 -0.11257
   0.58987 -0.04646 -0.10789
   0.60659 -0.04509 -0.10231
   0.62333 -0.04367 -0.09644
   0.64008 -0.04221 -0.09024
   0.65683 -0.04071 -0.08385
   0.67359 -0.03916 -0.07714
   0.69035 -0.03757 -0.07050
   0.70712 -0.03594 -0.06329
   0.72389 -0.03428 -0.05620
   0.74066 -0.03257 -0.04869
   0.75742 -0.03083 -0.04102
   0.77419 -0.02905 -0.03304
   0.79095 -0.02723 -0.02477
   0.80771 -0.02537 -0.01552
   0.82446 -0.02348 -0.00684
   0.84120 -0.02155  0.00379
   0.85793 -0.01959  0.01432
   0.87462 -0.01759  0.02596
   0.89128 -0.01556  0.03909
   0.90784 -0.01350  0.05336
   0.92422 -0.01142  0.06973
   0.94026 -0.00934  0.08861
   0.95567 -0.00731  0.11031
   0.96999 -0.00539  0.13586
   0.98277 -0.00365  0.16583
   0.99372 -0.00214  0.20202
   1.00000 -0.00126  0.21881
