  
       XFOIL         Version 6.99
  
 Calculated polar for: NACA 0012                                       
  
 1 1 Reynolds number fixed          Mach number fixed         
  
 xtrf =   1.000 (top)        1.000 (bottom)  
 Mach =   0.000     Re =     6.000 e 6     Ncrit =   9.000
  
   alpha    CL        CD       CDp       CM     Top_Xtr  Bot_Xtr
  ------ -------- --------- --------- -------- -------- --------
 -18.500  -1.7736   0.02708   0.02311  -0.0308   1.0000   0.0068
 -18.250  -1.7658   0.02576   0.02173  -0.0299   1.0000   0.0068
 -18.000  -1.7572   0.02457   0.02050  -0.0287   1.0000   0.0068
 -17.750  -1.7475   0.02352   0.01941  -0.0275   1.0000   0.0068
 -17.500  -1.7383   0.02251   0.01835  -0.0260   1.0000   0.0069
 -17.250  -1.7302   0.02147   0.01727  -0.0242   1.0000   0.0071
 -17.000  -1.7208   0.02058   0.01633  -0.0224   1.0000   0.0073
 -16.750  -1.7102   0.01980   0.01552  -0.0204   1.0000   0.0076
 -16.500  -1.6987   0.01912   0.01481  -0.0184   1.0000   0.0078
 -16.250  -1.6863   0.01852   0.01418  -0.0164   1.0000   0.0079
 -16.000  -1.6724   0.01798   0.01362  -0.0145   1.0000   0.0081
 -15.750  -1.6549   0.01747   0.01309  -0.0132   1.0000   0.0083
 -15.500  -1.6359   0.01700   0.01259  -0.0121   1.0000   0.0084
 -15.250  -1.6160   0.01655   0.01213  -0.0111   1.0000   0.0085
 -15.000  -1.5954   0.01613   0.01169  -0.0102   1.0000   0.0086
 -14.750  -1.5741   0.01574   0.01128  -0.0094   1.0000   0.0087
 -14.500  -1.5524   0.01536   0.01088  -0.0087   1.0000   0.0088
 -14.250  -1.5301   0.01499   0.01050  -0.0080   1.0000   0.0088
 -14.000  -1.5084   0.01456   0.01005  -0.0072   1.0000   0.0091
 -13.750  -1.4865   0.01412   0.00960  -0.0064   1.0000   0.0096
 -13.500  -1.4640   0.01372   0.00919  -0.0058   1.0000   0.0100
 -13.250  -1.4409   0.01336   0.00882  -0.0051   1.0000   0.0103
 -13.000  -1.4174   0.01302   0.00848  -0.0046   1.0000   0.0106
 -12.750  -1.3935   0.01271   0.00816  -0.0041   1.0000   0.0108
 -12.500  -1.3692   0.01242   0.00786  -0.0036   1.0000   0.0110
 -12.250  -1.3448   0.01215   0.00759  -0.0031   1.0000   0.0111
 -12.000  -1.3205   0.01186   0.00729  -0.0026   1.0000   0.0114
 -11.750  -1.2969   0.01153   0.00696  -0.0020   1.0000   0.0121
 -11.500  -1.2732   0.01122   0.00666  -0.0013   1.0000   0.0127
 -11.250  -1.2498   0.01096   0.00639  -0.0005   1.0000   0.0131
 -11.000  -1.2267   0.01072   0.00615   0.0003   1.0000   0.0134
 -10.750  -1.2039   0.01050   0.00593   0.0013   1.0000   0.0136
 -10.500  -1.1817   0.01029   0.00572   0.0024   1.0000   0.0138
 -10.250  -1.1530   0.01000   0.00544   0.0020   0.9996   0.0149
 -10.000  -1.1231   0.00973   0.00518   0.0014   0.9989   0.0157
  -9.750  -1.0929   0.00949   0.00495   0.0007   0.9981   0.0164
  -9.500  -1.0622   0.00929   0.00475   0.0000   0.9973   0.0167
  -9.250  -1.0317   0.00903   0.00451  -0.0007   0.9964   0.0181
  -9.000  -1.0008   0.00879   0.00429  -0.0015   0.9955   0.0192
  -8.750  -0.9695   0.00859   0.00410  -0.0023   0.9944   0.0200
  -8.500  -0.9406   0.00839   0.00391  -0.0026   0.9919   0.0211
  -8.250  -0.9129   0.00817   0.00371  -0.0026   0.9876   0.0227
  -8.000  -0.8843   0.00800   0.00355  -0.0028   0.9833   0.0238
  -7.750  -0.8578   0.00782   0.00338  -0.0025   0.9776   0.0257
  -7.500  -0.8318   0.00764   0.00321  -0.0021   0.9700   0.0275
  -7.250  -0.8050   0.00750   0.00306  -0.0018   0.9629   0.0288
  -7.000  -0.7788   0.00733   0.00290  -0.0014   0.9538   0.0317
  -6.750  -0.7519   0.00719   0.00276  -0.0012   0.9435   0.0334
  -6.500  -0.7250   0.00703   0.00260  -0.0009   0.9331   0.0373
  -6.250  -0.6979   0.00692   0.00247  -0.0007   0.9209   0.0394
  -6.000  -0.6708   0.00678   0.00232  -0.0005   0.9069   0.0441
  -5.750  -0.6433   0.00667   0.00220  -0.0004   0.8920   0.0477
  -5.500  -0.6160   0.00654   0.00207  -0.0002   0.8762   0.0532
  -5.250  -0.5884   0.00643   0.00195  -0.0001   0.8591   0.0595
  -5.000  -0.5607   0.00634   0.00183  -0.0000   0.8409   0.0648
  -4.750  -0.5330   0.00623   0.00172   0.0001   0.8222   0.0726
  -4.500  -0.5053   0.00612   0.00161   0.0001   0.8026   0.0824
  -4.250  -0.4776   0.00601   0.00150   0.0002   0.7813   0.0937
  -4.000  -0.4498   0.00593   0.00141   0.0002   0.7595   0.1046
  -3.750  -0.4219   0.00584   0.00132   0.0003   0.7385   0.1175
  -3.500  -0.3939   0.00575   0.00123   0.0003   0.7171   0.1317
  -3.250  -0.3661   0.00566   0.00115   0.0003   0.6944   0.1483
  -3.000  -0.3381   0.00559   0.00108   0.0003   0.6720   0.1639
  -2.750  -0.3100   0.00551   0.00101   0.0003   0.6504   0.1812
  -2.500  -0.2820   0.00544   0.00095   0.0003   0.6280   0.2006
  -2.250  -0.2540   0.00537   0.00089   0.0003   0.6060   0.2212
  -2.000  -0.2258   0.00531   0.00084   0.0003   0.5846   0.2403
  -1.750  -0.1976   0.00526   0.00080   0.0003   0.5627   0.2601
  -1.500  -0.1695   0.00522   0.00077   0.0003   0.5409   0.2817
  -1.250  -0.1413   0.00517   0.00073   0.0002   0.5203   0.3032
  -1.000  -0.1130   0.00514   0.00071   0.0002   0.4982   0.3241
  -0.750  -0.0848   0.00512   0.00069   0.0001   0.4755   0.3454
  -0.500  -0.0566   0.00509   0.00067   0.0001   0.4544   0.3686
  -0.250  -0.0282   0.00508   0.00066   0.0000   0.4333   0.3892
   0.000   0.0000   0.00508   0.00066  -0.0000   0.4113   0.4109
   0.250   0.0283   0.00508   0.00066  -0.0000   0.3897   0.4332
   0.500   0.0566   0.00509   0.00067  -0.0001   0.3683   0.4548
   0.750   0.0849   0.00512   0.00069  -0.0001   0.3465   0.4755
   1.000   0.1131   0.00514   0.00071  -0.0002   0.3245   0.4981
   1.250   0.1413   0.00517   0.00073  -0.0002   0.3032   0.5199
   1.500   0.1695   0.00522   0.00077  -0.0003   0.2813   0.5410
   1.750   0.1977   0.00526   0.00080  -0.0003   0.2601   0.5630
   2.000   0.2259   0.00531   0.00084  -0.0003   0.2409   0.5846
   2.250   0.2540   0.00537   0.00089  -0.0003   0.2207   0.6063
   2.500   0.2819   0.00545   0.00095  -0.0003   0.1990   0.6284
   2.750   0.3100   0.00551   0.00101  -0.0003   0.1813   0.6506
   3.000   0.3381   0.00558   0.00108  -0.0003   0.1645   0.6724
   3.250   0.3660   0.00567   0.00116  -0.0003   0.1465   0.6945
   3.500   0.3940   0.00575   0.00123  -0.0003   0.1317   0.7168
   3.750   0.4218   0.00584   0.00132  -0.0003   0.1170   0.7385
   4.000   0.4497   0.00593   0.00141  -0.0002   0.1046   0.7597
   4.250   0.4776   0.00601   0.00150  -0.0002   0.0934   0.7813
   4.500   0.5053   0.00612   0.00161  -0.0001   0.0824   0.8026
   4.750   0.5330   0.00623   0.00172  -0.0001   0.0727   0.8224
   5.000   0.5607   0.00634   0.00183   0.0000   0.0655   0.8409
   5.250   0.5884   0.00643   0.00194   0.0001   0.0595   0.8589
   5.500   0.6159   0.00654   0.00207   0.0002   0.0532   0.8761
   5.750   0.6433   0.00667   0.00220   0.0004   0.0476   0.8920
   6.000   0.6708   0.00678   0.00232   0.0005   0.0442   0.9068
   6.250   0.6978   0.00692   0.00247   0.0007   0.0395   0.9209
   6.500   0.7250   0.00703   0.00260   0.0009   0.0373   0.9331
   6.750   0.7519   0.00719   0.00276   0.0012   0.0334   0.9436
   7.000   0.7788   0.00733   0.00290   0.0014   0.0317   0.9538
   7.250   0.8049   0.00750   0.00306   0.0018   0.0287   0.9629
   7.500   0.8318   0.00764   0.00321   0.0021   0.0275   0.9701
   7.750   0.8578   0.00782   0.00338   0.0025   0.0257   0.9776
   8.000   0.8843   0.00800   0.00354   0.0028   0.0238   0.9833
   8.250   0.9129   0.00817   0.00371   0.0026   0.0227   0.9877
   8.500   0.9406   0.00839   0.00391   0.0026   0.0211   0.9919
   8.750   0.9697   0.00859   0.00410   0.0023   0.0200   0.9944
   9.000   1.0009   0.00879   0.00429   0.0015   0.0192   0.9955
   9.250   1.0318   0.00903   0.00451   0.0007   0.0181   0.9964
   9.500   1.0623   0.00929   0.00475  -0.0000   0.0167   0.9973
   9.750   1.0930   0.00949   0.00495  -0.0008   0.0163   0.9982
  10.000   1.1233   0.00973   0.00518  -0.0014   0.0157   0.9989
  10.250   1.1532   0.01000   0.00544  -0.0020   0.0149   0.9996
  10.500   1.1817   0.01029   0.00572  -0.0024   0.0138   1.0000
  10.750   1.2039   0.01050   0.00593  -0.0013   0.0136   1.0000
  11.000   1.2267   0.01072   0.00615  -0.0003   0.0134   1.0000
  11.250   1.2498   0.01096   0.00639   0.0005   0.0131   1.0000
  11.500   1.2733   0.01122   0.00666   0.0013   0.0126   1.0000
  11.750   1.2969   0.01153   0.00696   0.0019   0.0121   1.0000
  12.000   1.3206   0.01186   0.00729   0.0026   0.0114   1.0000
  12.250   1.3448   0.01215   0.00759   0.0031   0.0111   1.0000
  12.500   1.3693   0.01242   0.00786   0.0036   0.0110   1.0000
  12.750   1.3935   0.01271   0.00816   0.0040   0.0108   1.0000
  13.000   1.4175   0.01302   0.00848   0.0046   0.0106   1.0000
  13.250   1.4410   0.01336   0.00882   0.0051   0.0103   1.0000
  13.500   1.4641   0.01372   0.00919   0.0057   0.0100   1.0000
  13.750   1.4866   0.01412   0.00960   0.0064   0.0096   1.0000
  14.000   1.5085   0.01456   0.01005   0.0072   0.0091   1.0000
  14.250   1.5303   0.01499   0.01050   0.0080   0.0088   1.0000
  14.500   1.5525   0.01536   0.01088   0.0086   0.0088   1.0000
  14.750   1.5744   0.01573   0.01128   0.0094   0.0087   1.0000
  15.000   1.5956   0.01613   0.01169   0.0102   0.0086   1.0000
  15.250   1.6163   0.01655   0.01213   0.0111   0.0085   1.0000
  15.500   1.6362   0.01699   0.01259   0.0120   0.0084   1.0000
  15.750   1.6552   0.01747   0.01309   0.0131   0.0083   1.0000
  16.000   1.6728   0.01798   0.01362   0.0144   0.0081   1.0000
  16.250   1.6870   0.01851   0.01418   0.0163   0.0080   1.0000
  16.500   1.6995   0.01911   0.01480   0.0183   0.0078   1.0000
  16.750   1.7111   0.01979   0.01551   0.0203   0.0076   1.0000
  17.000   1.7216   0.02058   0.01633   0.0222   0.0073   1.0000
  17.250   1.7312   0.02146   0.01726   0.0241   0.0071   1.0000
  17.500   1.7394   0.02249   0.01833   0.0259   0.0069   1.0000
  17.750   1.7487   0.02350   0.01939   0.0273   0.0068   1.0000
  18.000   1.7586   0.02454   0.02047   0.0286   0.0068   1.0000
  18.250   1.7672   0.02572   0.02170   0.0297   0.0068   1.0000
  18.500   1.7752   0.02704   0.02306   0.0306   0.0068   1.0000
